world: 8b6dcb61-24ad-41b8-8102-69b51e75b292
world-name: world
x: 79.96895387614728
y: 102.0
z: -109.5927286398788
yaw: 27.900001525878906
pitch: 32.099998474121094
name: spawn
lastowner: 7023a3ce-a6ef-38be-bc2f-45e303a0702e
